# Mon Nov 28 12:43:26 2022
# 1130.291 s
# 1 threads
1 1
2 2
3 3
4 4
5 5
6 6
7 11
8 16
9 19
10 30
11 41
12 54
13 69
14 106
15 177
16 272
17 397
18 686
19 1299
20 2416
21 4225
22 7196
23 11701
24 20352
25 36305
26 70134
27 132721
28 248722
29 473391
30 894318
31 1674923
32 3054022
33 5452067
34 9626552
35 16696543
36 29086462
37 51830095
38 96887612
39 192393735
40 397875694
41 824512507
42 1663717590
43 3191678451
44 5781702718
45 9982044583
46 16869748338
47 28097159317
48 48805857760
49 91690628787
50 181626910990
51 365660190363
52 732144731440
53 1443823205863
54 2811041182278
55 5446568032793
56 10554797313024
57 20452771812965
58 39664568107914
59 76865223123831
60 148823898238862
61 288042504009049
62 556872160429146
63 1075163127179193
64 2078208891217256
65 4021821296903917
66 7805040698427364
67 15208531729402173
68 29704047461859354
69 57761837361238029
70 110947206663066372
71 209153735503513735
72 386362500735839098
73 701922006937716973
74 1271650220876748772
75 2337524838267301703
76 4431102076446626194
77 8711272819375669519
78 17681283570715692946
79 36438560414863995897
80 75127333920512875078
81 152979616598463209299
82 305418552987257023324
83 597684298525357118329
84 1152344021802241150424
85 2202545262355742035605
86 4206923579551922033732
87 8081540349884204855383
88 15685140167544262966478
89 30806896317143267939829
90 61062271440827931850876
91 121585414698573753510797
92 241920810435384758205432
93 477885246759758788283263
94 932985109054964654164708
95 1794861456161834789297503
96 3405828513035695845975706
97 6390630326893612667926061
98 11899893949445855935476378
99 22230831011267555421732271
100 41811761667183595041010142
101 79823323397264016065180987
102 154456799935605017153514180
103 301334907545026417475942013
104 588755188517896126519503722
105 1147292632431796115631895121
106 2226988730721808545741618366
107 4312640600734049704561347213
108 8370156134810302520075003432
109 16351085800579980703258018639
110 32231652803889044751171047204
111 64107461679214683427936738045
112 128389836682622959721317873500
113 257994949590657421527115939923
114 518345710995855654410533402782
115 1039101823868261801149080170105
116 2074387707461083527239817346510
117 4122127135298383948444721840341
118 8159303330510810604574229699240
119 16101015659670696699128034247847
120 31700117435743318559259038908168
121 62311512211150084454835015690103
122 122244352497076946130295697726394
123 239412047291895174014932783125511
124 467942488291101103590598768570164
125 912590017969205596760525068946869
126 1775910704528124846805148648870246
127 3451453199658693143623622429353275
128 6706272733367285548335946308983900
129 13051248695551861852998181666173819
130 25487777370134445824109729231000228
131 50019964074651651339943648143795731
132 98728871867745469690253644730229248
133 195996285222228950748277524870793287
134 391063976184336840907956650397510026
135 783104536754137761104344953295019515
136 1571534557353630797308684989059242952
137 3154728307841168039916401498403095051
138 6327564895077675515737226559722764884
139 12660457573224805787692243658106950889
140 25238910802029549771772787747978334690
141 50084769612425797232175302220459343179
142 98868810689727208341737333815458520226
143 194140788494062888796508395611074257761
144 379259481794046430438278649521490481318
145 737650651467416103204866669286938807255
146 1428816971691645623592143338411795143404
147 2758536452273771323201146905748986613227
148 5321819289177796650396264692783382844238
149 10276143269086808354809004889822472230043
150 19876380595645194502267160225766917062682
151 38498604893663243438608786564187827271977
152 74715029275089201535418535900659958997614
153 145184004926541972395651837518501920551675
154 282116512562196834614395685427754989955544
155 546851310594357320746416221031383336961969
156 1057461058071475291283580769933124194297222
157 2037945181493662948796455919974463249346675
158 3913282644215856827936998370601846852050982
159 7494080549349435400003320513091162779842499
160 14341433353410737502011928956194382499098600
161 27479262175319788581070661948703046212708059
162 52852437297752904375543666104299659911464094
163 102264174838932935128850425049455190607323447
164 199675552018492044068205158723867024997339162
165 393891760906596445305005038989310079408444593
166 785114537901468559687229170995611406708088360
167 1579725639222092411916514017402197193620520185
168 3202040564959579117531112422381329459433472900
169 6525262436714482831691796484069618559963219859
170 13326897690901237931853209825299977101631248744
171 27224540025015420120440188031051408972512990083
172 55528604598326580559770772896443871219331239152
173 113047081817566153067815855162932455588448553359
174 229515925175940961010337952266285954401379407292
175 464815617326663282520785154056736996062965054127
176 939241441053710987087186538920612770941789036482
177 1893262208736710239189344855445839105603489854049
178 3807934208773997778724524057737163917059299560958
179 7639287640933224998124516632385372159625726765873
180 15284165277410201356993404128064106134597915763352
181 30488198623433694492538788888739848765617170212037
182 60615720100440921568190984380987751893664859342978
183 120135449436660336612788611430791570659832185326285
184 237436833092588872332438769210356644312429784829272
185 468221201316975558642470129495677855142460510785799
186 921935383748046794660778710623717056614022602320564
187 1813911140299546826365495330554189167873236612383339
188 3568905229539520692698202405841377439851595185251672
189 7025479530524670261386653603041755377472585672506909
190 13834654917856895564098677907683055795365931738008082
191 27262322973641117132364260067082105737255770454142449
192 53724326803172949264332277077880186229284896762453010
193 105806138455929399197456738781985553835763138768173247
194 208074115029999731206711410339466698646014043379850780
195 408347410528489862203607953422214940442755222136526147
196 799312509018562627576551800391492449773644189877676154
197 1559913961313396444122699916389145765620641436282011013
198 3034144258654245665954761808570852324571664265796661862
199 5885662026987490077724031992394773645806048444581399167
200 11390103357615338682128027037386203037970735113567115832
201 22005292402356236692755420441141270765009148819892537265
202 42490712590016959234934707164431694908119733061110051154
203 82062780944712088162891704668201830896108402588985065787
204 158641125420502729175129660308102911792906706865755828760
205 307410752025014917764841187031383100677739568865560922771
206 597687400294102858830587992819688467932019671488048985202
207 1168102203452590089876344770124120623715322950709876035119
208 2295859848244683792739257232943796269834422833593062820796
209 4538617136572172189821307180086996888922622631693406760027
210 9021457718023471485483429055183198549054974143824338749056
211 18016776318885450183117547032056005802402711656693943122433
212 36111096269888487767965384196301334622918095766635950754308
213 72539341692938814439287598249330749351742881235372698091411
214 145846811527433164780352871780723209615686922609226862910748
215 293156415301245232776188616926334665955761801635415479441509
216 588226476514095143014983887980764788075991700074419271624786
217 1177100986102427213728744881985021078484224040242164276923257
218 2346751231186974566831948501733854834377723203498005685379402
219 4657012556688970584367028441342502803603657244094846215886337
220 9197067855933793336695757224978614450982383496142080002332936
221 18077985509301625401195399860352243356745890638242743013241509
222 35372914285926761487223105223558985712667326871483830600729322
223 68986526199357498343311370045941693546247385833793881091772221
224 134275611528834101990832893370003462874517282720104561905838796
225 261436677052009082007327597778795688442304755963027812407967491
226 510171576279156676000751640715759412872787526923667378544867654
227 999367765542935711002450313892093030633385291350109808710338981
228 1967523248401780231187144525999166193614935673849830286980791676
229 3895913077175178956412821207158560894894074534184109809141725209
230 7759053134280179523838091989407383310662816770223818418332190732
231 15531065007310246319340525147294975242441542431730736410663952219
232 31211547969074766824443273286876985132550942339240180124099851812
233 62896104045242613338709562844350632955794229736917325745864778243
234 126903153220043829938885381692858415542684230303261713411445487128
235 255966372022573862607698634976794997354577364233257479397902672091
236 515616337201384231123326805196487985622631253891875767410077853832
237 1036547448188229841546613253003381283724713234333268046890567973025
238 2078875874913492066241094100619076151518178844469922961544230525800
239 4159094964813473718620687393205816934561379665512032249573009106621
240 8300716557229649480518699831250883125687654614068782640024879409650
241 16527726932478608010161060438603079587061362099410693164386044609583
242 32836882396168969523622090466806257581274426839428946308692414830746
243 65103272409125780715455901587743416989074683355932524643221768015021
244 128823010911088706047171255469523356170574309059053614333491452523412
245 254424816025013002666912500248897303656453496353488049841753151335709
246 501504297088583459696470504075805848767821094043445552451497316479584
247 986496519493426048398680276582357030175010981014149043662443245167529
248 1936704646663115725258748341699354101647320005734103337678620213970626
249 3794597319845375116552533481703513223153418656223586541484576705596121
250 7422521117837605255548690217525830731452319376260757695655810993300436
251 14495166047697131787877011354303493001084221695058621922334927537733781
252 28285489991417205162055078476565601237079157455911188939230597019567210
253 55185647392659203040643078158234466228325113151865472658743319881837099
254 107741780994454602657994011006842558239996361588284732525493860820309822
255 210624892538513078142485533641525398276155480023292533119060561575818735
256 412525542256912450049910729423932717510925185432180943107418156312765934
257 809961218959241644354363055718775622260171460729700424833706120494729691
258 1594553948925805636052669352682122012007485274722973969147295856864914706
259 3147829674822486932644057172863410927064798239931334172158639937597472425
260 6230815146993088451865614304777212853691864746799201039387570643236709924
261 12365288994721150812769935112418322594728556671387717191557883103870640093
262 24592573634861332788231675886979038137142578557148808003978207754982158426
263 48991819632720925359144451833875804129270301697512834715672929801693109861
264 97719577309993231052142388472832143808064840392947681944971791994263805108
265 195056999916388732669846675939349223621671173539124476558524028969082341569
266 389488742725034607370112277640410372734791552075600263562388027563990194478
267 777820867917209030229488265742615769737125132557426173846021034880655123273
268 1553271697515923996235712537935105986695097295486776529618365436736751361128
269 3101384131984779026561151679893392594340617665573778290526007350757317850959
270 6191938381473128545777374822480055461507914023820981843469213517412129523216
271 12362238294704514361103912142751860840059319822262575275488396216191156044085
272 24684480738524586468592272433044555981888983570652061621878037768653038375220
273 49303432930183888839939906931296652499587086080745068657291698356828767572251
274 98520623821135102588253179460751098403978098372033433561873414642902019531594
275 197002335716281020038302321881064746966179901683513944080504406025659730296813
276 394213732978258655676531995862659059710428644539282852507579282721385314216224
277 789438464624239812670157523062823217811364105851973825976059945832062384912827
278 1581989254290207513734399831102604870828527564659734257966771064138925831424464
279 3172336570862453564737640404954749586413436517824650892468571978729132748643279
280 6364309375451478754261774305118149280912104797623587289066313219006212631809334
281 12770452697450611704442661033605887979990543529808593448954877132487735669007737
282 25619664585802098541185982720784400269694730090340900748886315850232711670146552
283 51370608602999977062585312562515672919973333308995572812253470215702848170465937
284 102905020094132648233217192233148394792760120784710790574787458832349965464059742
285 205851233493061501230782455039096487226889195448801214772211667284158144992439309
286 411100807343348028389253024114447848793254275187160211809543645614843597086387426
287 819519325210501663973556044750033149880625621287814772400203471817507427188301979
288 1630699926912375404866392758118229200644130069427846043172116000865723202484748514
289 3239177865304697631495486087352661650695403396932427050731082457505018698921561763
290 6423789559156072653101025725380605610278453369956832930944760248937648657392490900
291 12721451105117226953068570294549696826646872333729413403951573559325468604150068025
292 25167312694948740292359597035773428063140836405319717916568386100114790010875058368
293 49756178055914120861162973303913860580900625132296896730369771357023622334648916619
294 98321066803388352542927012957822670256372281729177271560401880159233963176698772122
295 194288335115031070219995265739217091886681275801730281554622234057023840526956284893
296 383924791859848472366476740959545001800788095653960616762843699945314786743551897060
297 758815107342927869016098387265066180358092121909606490548857042154809925738722557177
298 1499541471830415862142669623572096070539170464972762214455728260024637788010232905954
299 2962644025107170957824178190077419731860404263314086382715714491122473255806275624149
300 5849517179700040124070940838521477010132274230779946096348418419818765919511215874464
