4 8
5 25
6 144
7 735
8 4608
9 39285
10 362000
11 3628185
12 40808448
13 478988081
14 6227101888
15 87248724750
16 1300561920000
17 20922788404479
18 355587467242752
19 6402373698206889
20 121810906419200000
21 2433059466437300274
22 51090942172652090368
23 1124000727778962143055
24 25842896718478801108992
25 620448406694208000000000
26 15511210043267498868838400
27 403291975400633605606009344
28 10889801001115965703648706560
29 304888344611713905343769951665
30 8841761879231446856234496000000
31 265252859812191058632221658466239
32 8222662591316382334152867840000000
33 263130825546729564939880249204830510
34 8683317618811886478604694925738967040
35 295232799040365104438721873244267734375
36 10333203480228010348544244566528379322368
37 371993326789901217468008629124384877558385
38 13763753091226345046184788177591662021967872
39 523022615707295325011285972318535515101477806
40 20397854741870042635642516931742793728000000000
