1 1
2 1
3 1
4 0
5 3
6 3
7 4
8 8
9 4
10 8
11 20
12 25
13 25
14 25
15 25
16 144
17 108
18 108
19 144
20 108
21 108
22 630
23 735
24 735
25 735
26 735
27 735
28 735
29 5696
30 4608
31 5248
32 4608
33 5696
34 4608
35 5248
36 4608
37 39366
38 40824
39 40824
40 39285
41 40824
42 40824
43 39285
44 40824
45 40824
46 366400
47 362000
48 362000
49 362000
50 362000
51 366400
52 362000
53 362000
54 362000
55 362000
56 3634950
57 3628185
58 3628185
59 3628185
60 3628185
61 3628185
62 3628185
63 3628185
64 3628185
65 3628185
66 3628185
67 39066624
68 40766976
69 39045888
70 40808448
71 39045888
72 40766976
73 39066624
74 40766976
75 39045888
76 40808448
77 39045888
78 40766976
79 479163828
80 478988081
81 478988081
82 478988081
83 478988081
84 478988081
85 478988081
86 478988081
87 478988081
88 478988081
89 478988081
90 478988081
91 478988081
92 6226534272
93 6227101888
94 6227101888
95 6227101888
96 6227101888
97 6227101888
98 6227101888
99 6226534272
100 6227101888
101 6227101888
102 6227101888
103 6227101888
104 6227101888
105 6227101888
106 87238701000
107 87146087625
108 87146087625
109 87248724750
110 87146087625
111 87136033500
112 87248724750
113 87146087625
114 87146087625
115 87248724750
116 87136033500
117 87146087625
118 87248724750
119 87146087625
120 87146087625
121 1315130458112
122 1300561920000
123 1314459353088
124 1300561920000
125 1315098099712
126 1300561920000
127 1314459353088
128 1300561920000
129 1315130458112
130 1300561920000
131 1314459353088
132 1300561920000
133 1315098099712
134 1300561920000
135 1314459353088
136 1300561920000
137 20922813624336
138 20922788404479
139 20922788404479
140 20922788404479
141 20922788404479
142 20922788404479
143 20922788404479
144 20922788404479
145 20922788404479
146 20922788404479
147 20922788404479
148 20922788404479
149 20922788404479
150 20922788404479
151 20922788404479
152 20922788404479
153 20922788404479
154 355586138666496
155 355737629952000
156 355737629952000
157 355587467242752
158 355737629952000
159 355737629952000
160 355587467242752
161 355737629952000
162 355737629952000
163 355586138666496
164 355737629952000
165 355737629952000
166 355587467242752
167 355737629952000
168 355737629952000
169 355587467242752
170 355737629952000
171 355737629952000
172 6402373841107998
173 6402373698206889
174 6402373698206889
175 6402373698206889
176 6402373698206889
177 6402373698206889
178 6402373698206889
179 6402373698206889
180 6402373698206889
181 6402373698206889
182 6402373698206889
183 6402373698206889
184 6402373698206889
185 6402373698206889
186 6402373698206889
187 6402373698206889
188 6402373698206889
189 6402373698206889
190 6402373698206889
191 121479626301440000
192 121810906419200000
193 121479069952000000
194 121810906419200000
195 121479069952000000
196 121811472302080000
197 121479069952000000
198 121810906419200000
199 121479069952000000
200 121810906419200000
201 121479626301440000
202 121810906419200000
203 121479069952000000
204 121810906419200000
205 121479069952000000
206 121811472302080000
207 121479069952000000
208 121810906419200000
209 121479069952000000
210 121810906419200000
211 2433061082092486356
212 2432822933484213543
213 2432822933484213543
214 2433059466437300274
215 2432822933484213543
216 2432822933484213543
217 2433059466437300274
218 2432824544591294742
219 2432822933484213543
220 2433059466437300274
221 2432822933484213543
222 2432822933484213543
223 2433059466437300274
224 2432822933484213543
225 2432824544591294742
226 2433059466437300274
227 2432822933484213543
228 2432822933484213543
229 2433059466437300274
230 2432822933484213543
231 2432822933484213543
232 51090942162282936320
233 51090942172652090368
234 51090942172652090368
235 51090942172652090368
236 51090942172652090368
237 51090942172652090368
238 51090942172652090368
239 51090942172652090368
240 51090942172652090368
241 51090942172652090368
242 51090942172652090368
243 51090942162282936320
244 51090942172652090368
245 51090942172652090368
246 51090942172652090368
247 51090942172652090368
248 51090942172652090368
249 51090942172652090368
250 51090942172652090368
251 51090942172652090368
252 51090942172652090368
253 51090942172652090368
254 1124000727747809492790
255 1124000727778962143055
256 1124000727778962143055
257 1124000727778962143055
258 1124000727778962143055
259 1124000727778962143055
260 1124000727778962143055
261 1124000727778962143055
262 1124000727778962143055
263 1124000727778962143055
264 1124000727778962143055
265 1124000727778962143055
266 1124000727778962143055
267 1124000727778962143055
268 1124000727778962143055
269 1124000727778962143055
270 1124000727778962143055
271 1124000727778962143055
272 1124000727778962143055
273 1124000727778962143055
274 1124000727778962143055
275 1124000727778962143055
276 1124000727778962143055
277 25860595416374276259840
278 25843326442818716565504
279 25860962124041564454912
280 25842896718478801108992
281 25861024477668657070080
282 25843326442818716565504
283 25860533038592531890176
284 25843326442818716565504
285 25861024477668657070080
286 25842896718478801108992
287 25860962124041564454912
288 25843326442818716565504
289 25860595416374276259840
290 25843326442818716565504
291 25860962124041564454912
292 25842896718478801108992
293 25861024477668657070080
294 25843326442818716565504
295 25860533038592531890176
296 25843326442818716565504
297 25861024477668657070080
298 25842896718478801108992
299 25860962124041564454912
300 25843326442818716565504
301 620448381885206046812500
302 620448406694208000000000
303 620448406694208000000000
304 620448406694208000000000
305 620448406694208000000000
306 620448381890404984296875
307 620448406694208000000000
308 620448406694208000000000
309 620448406694208000000000
310 620448406694208000000000
311 620448381890404984296875
312 620448406694208000000000
313 620448406694208000000000
314 620448406694208000000000
315 620448406694208000000000
316 620448381890404984296875
317 620448406694208000000000
318 620448406694208000000000
319 620448406694208000000000
320 620448406694208000000000
321 620448381890404984296875
322 620448406694208000000000
323 620448406694208000000000
324 620448406694208000000000
325 620448406694208000000000
326 15511210044092831365939200
327 15511210043267498868838400
328 15511210043267498868838400
329 15511210043267498868838400
330 15511210043267498868838400
331 15511210043267498868838400
332 15511210043267498868838400
333 15511210043267498868838400
334 15511210043267498868838400
335 15511210043267498868838400
336 15511210043267498868838400
337 15511210043267498868838400
338 15511210043267498868838400
339 15511210044092831365939200
340 15511210043267498868838400
341 15511210043267498868838400
342 15511210043267498868838400
343 15511210043267498868838400
344 15511210043267498868838400
345 15511210043267498868838400
346 15511210043267498868838400
347 15511210043267498868838400
348 15511210043267498868838400
349 15511210043267498868838400
350 15511210043267498868838400
351 15511210043267498868838400
352 403291975419964616263481934
353 403291203986377063268352000
354 403291203986377063268352000
355 403291975400633605606009344
356 403291203986377063268352000
357 403291203986377063268352000
358 403291975400633605606009344
359 403291203986377063268352000
360 403291203986377063268352000
361 403291975419899386019063001
362 403291203986377063268352000
363 403291203986377063268352000
364 403291975400633605606009344
365 403291203986377063268352000
366 403291203986377063268352000
367 403291975400633605606009344
368 403291203986377063268352000
369 403291203986377063268352000
370 403291975419899386019063001
371 403291203986377063268352000
372 403291203986377063268352000
373 403291975400633605606009344
374 403291203986377063268352000
375 403291203986377063268352000
376 403291975400633605606009344
377 403291203986377063268352000
378 403291203986377063268352000
379 10887937893906401431507697664
380 10889801001115965703648706560
381 10887937902049723680010797056
382 10889801001115965703648706560
383 10887937902049723680010797056
384 10889801001115965703648706560
385 10887937902049723680010797056
386 10889800992956392517287280640
387 10887937902049723680010797056
388 10889801001115965703648706560
389 10887937902049723680010797056
390 10889801001115965703648706560
391 10887937902049723680010797056
392 10889801001115965703648706560
393 10887937893906401431507697664
394 10889801001115965703648706560
395 10887937902049723680010797056
396 10889801001115965703648706560
397 10887937902049723680010797056
398 10889801001115965703648706560
399 10887937902049723680010797056
400 10889800992956392517287280640
401 10887937902049723680010797056
402 10889801001115965703648706560
403 10887937902049723680010797056
404 10889801001115965703648706560
405 10887937902049723680010797056
406 10889801001115965703648706560
407 304888344611712604918057353380
408 304888344611713905343769951665
409 304888344611713905343769951665
410 304888344611713905343769951665
411 304888344611713905343769951665
412 304888344611713905343769951665
413 304888344611713905343769951665
414 304888344611713905343769951665
415 304888344611713905343769951665
416 304888344611713905343769951665
417 304888344611713905343769951665
418 304888344611713905343769951665
419 304888344611713905343769951665
420 304888344611713905343769951665
421 304888344611713905343769951665
422 304888344611713905343769951665
423 304888344611713905343769951665
424 304888344611713905343769951665
425 304888344611713905343769951665
426 304888344611713905343769951665
427 304888344611713905343769951665
428 304888344611713905343769951665
429 304888344611713905343769951665
430 304888344611713905343769951665
431 304888344611713905343769951665
432 304888344611713905343769951665
433 304888344611713905343769951665
434 304888344611713905343769951665
435 304888344611713905343769951665
436 8841761892834784198797312000000
437 8841762046912947694417152000000
438 8841762046912947694417152000000
439 8841761879231446856234496000000
440 8841762046912947694417152000000
441 8841762060515688069540864000000
442 8841761879231446856234496000000
443 8841762046912947694417152000000
444 8841762046912947694417152000000
445 8841761879231446856234496000000
446 8841762060515688069540864000000
447 8841762046912947694417152000000
448 8841761879231446856234496000000
449 8841762046912947694417152000000
450 8841762046912947694417152000000
451 8841761892834784198797312000000
452 8841762046912947694417152000000
453 8841762046912947694417152000000
454 8841761879231446856234496000000
455 8841762046912947694417152000000
456 8841762060515688069540864000000
457 8841761879231446856234496000000
458 8841762046912947694417152000000
459 8841762046912947694417152000000
460 8841761879231446856234496000000
461 8841762060515688069540864000000
462 8841762046912947694417152000000
463 8841761879231446856234496000000
464 8841762046912947694417152000000
465 8841762046912947694417152000000
466 265252859812191058758913126012830
467 265252859812191058632221658466239
468 265252859812191058632221658466239
469 265252859812191058632221658466239
470 265252859812191058632221658466239
471 265252859812191058632221658466239
472 265252859812191058632221658466239
473 265252859812191058632221658466239
474 265252859812191058632221658466239
475 265252859812191058632221658466239
476 265252859812191058632221658466239
477 265252859812191058632221658466239
478 265252859812191058632221658466239
479 265252859812191058632221658466239
480 265252859812191058632221658466239
481 265252859812191058632221658466239
482 265252859812191058632221658466239
483 265252859812191058632221658466239
484 265252859812191058632221658466239
485 265252859812191058632221658466239
486 265252859812191058632221658466239
487 265252859812191058632221658466239
488 265252859812191058632221658466239
489 265252859812191058632221658466239
490 265252859812191058632221658466239
491 265252859812191058632221658466239
492 265252859812191058632221658466239
493 265252859812191058632221658466239
494 265252859812191058632221658466239
495 265252859812191058632221658466239
496 265252859812191058632221658466239
497 8223014761920680692744309742501888
498 8222662591316382334152867840000000
499 8223014672155698376660431667200000
500 8222662591316382334152867840000000
501 8223014761925775693847460428382208
502 8222662591316382334152867840000000
503 8223014672155698376660431667200000
504 8222662591316382334152867840000000
505 8223014761920680823305106091933696
506 8222662591316382334152867840000000
507 8223014672155698376660431667200000
508 8222662591316382334152867840000000
509 8223014761925775693847460428382208
510 8222662591316382334152867840000000
511 8223014672155698376660431667200000
512 8222662591316382334152867840000000
513 8223014761920680692744309742501888
514 8222662591316382334152867840000000
515 8223014672155698376660431667200000
516 8222662591316382334152867840000000
517 8223014761925775693847460428382208
518 8222662591316382334152867840000000
519 8223014672155698376660431667200000
520 8222662591316382334152867840000000
521 8223014761920680823305106091933696
522 8222662591316382334152867840000000
523 8223014672155698376660431667200000
524 8222662591316382334152867840000000
525 8223014761925775693847460428382208
526 8222662591316382334152867840000000
527 8223014672155698376660431667200000
528 8222662591316382334152867840000000
529 263130825546725184483328120175694900
530 263130842627176110194788377175776105
531 263130842627176110194788377175776105
532 263130825546729564939880249204830510
533 263130842627176110194788377175776105
534 263130842627176110194788377175776105
535 263130825546729564939880249204830510
536 263130842627176110194788377175776105
537 263130842627176110194788377175776105
538 263130825546729564939880249204830510
539 263130842627176110194788377175776105
540 263130842627171728870148122770238950
541 263130825546729564939880249204830510
542 263130842627176110194788377175776105
543 263130842627176110194788377175776105
544 263130825546729564939880249204830510
545 263130842627176110194788377175776105
546 263130842627176110194788377175776105
547 263130825546729564939880249204830510
548 263130842627176110194788377175776105
549 263130842627176110194788377175776105
550 263130825546729564939880249204830510
551 263130842627171728870148122770238950
552 263130842627176110194788377175776105
553 263130825546729564939880249204830510
554 263130842627176110194788377175776105
555 263130842627176110194788377175776105
556 263130825546729564939880249204830510
557 263130842627176110194788377175776105
558 263130842627176110194788377175776105
559 263130825546729564939880249204830510
560 263130842627176110194788377175776105
561 263130842627176110194788377175776105
562 8683317618811886766134186009936527360
563 8683317618811886478604694925738967040
564 8683317618811886478604694925738967040
565 8683317618811886478604694925738967040
566 8683317618811886478604694925738967040
567 8683317618811886478604694925738967040
568 8683317618811886478604694925738967040
569 8683317618811886478604694925738967040
570 8683317618811886478604694925738967040
571 8683317618811886478604694925738967040
572 8683317618811886478604694925738967040
573 8683317618811886478604694925738967040
574 8683317618811886478604694925738967040
575 8683317618811886478604694925738967040
576 8683317618811886478604694925738967040
577 8683317618811886478604694925738967040
578 8683317618811886478604694925738967040
579 8683317618811886766134186009936527360
580 8683317618811886478604694925738967040
581 8683317618811886478604694925738967040
582 8683317618811886478604694925738967040
583 8683317618811886478604694925738967040
584 8683317618811886478604694925738967040
585 8683317618811886478604694925738967040
586 8683317618811886478604694925738967040
587 8683317618811886478604694925738967040
588 8683317618811886478604694925738967040
589 8683317618811886478604694925738967040
590 8683317618811886478604694925738967040
591 8683317618811886478604694925738967040
592 8683317618811886478604694925738967040
593 8683317618811886478604694925738967040
594 8683317618811886478604694925738967040
595 8683317618811886478604694925738967040
596 295232799036562497475520882444825625000
597 295232799040365104438721873244267734375
598 295232799040365104438721873244267734375
599 295232799040365104438721873244267734375
600 295232799040365104438721873244267734375
601 295232799036554758972139202395729062500
602 295232799040365104438721873244267734375
603 295232799040372842957242570710393593750
604 295232799040365104438721873244267734375
605 295232799040365104438721873244267734375
606 295232799036554758972139202395729062500
607 295232799040365104438721873244267734375
608 295232799040365104438721873244267734375
609 295232799040365104438721873244267734375
610 295232799040372842957242570710393593750
611 295232799036554758972139202395729062500
612 295232799040365104438721873244267734375
613 295232799040365104438721873244267734375
614 295232799040365104438721873244267734375
615 295232799040365104438721873244267734375
616 295232799036554758972139202395729062500
617 295232799040372842957242570710393593750
618 295232799040365104438721873244267734375
619 295232799040365104438721873244267734375
620 295232799040365104438721873244267734375
621 295232799036554758972139202395729062500
622 295232799040365104438721873244267734375
623 295232799040365104438721873244267734375
624 295232799040372842957242570710393593750
625 295232799040365104438721873244267734375
626 295232799036554758972139202395729062500
627 295232799040365104438721873244267734375
628 295232799040365104438721873244267734375
629 295232799040365104438721873244267734375
630 295232799040365104438721873244267734375
631 10333092760627450893750179567423365054464
632 10333203249161712240005541500289024000000
633 10333092529569011744411736933924864000000
634 10333203480228010348544244566528379322368
635 10333092529569011744411736933924864000000
636 10333203249161712240005541500289024000000
637 10333092760627331965401347022690365472768
638 10333203249161712240005541500289024000000
639 10333092529569011744411736933924864000000
640 10333203480228129305854690724273417355264
641 10333092529569011744411736933924864000000
642 10333203249161712240005541500289024000000
643 10333092760627331965401347022690365472768
644 10333203249161712240005541500289024000000
645 10333092529569011744411736933924864000000
646 10333203480228010348544244566528379322368
647 10333092529569011744411736933924864000000
648 10333203249161712240005541500289024000000
649 10333092760627450893750179567423365054464
650 10333203249161712240005541500289024000000
651 10333092529569011744411736933924864000000
652 10333203480228010348544244566528379322368
653 10333092529569011744411736933924864000000
654 10333203249161712240005541500289024000000
655 10333092760627331965401347022690365472768
656 10333203249161712240005541500289024000000
657 10333092529569011744411736933924864000000
658 10333203480228129305854690724273417355264
659 10333092529569011744411736933924864000000
660 10333203249161712240005541500289024000000
661 10333092760627331965401347022690365472768
662 10333203249161712240005541500289024000000
663 10333092529569011744411736933924864000000
664 10333203480228010348544244566528379322368
665 10333092529569011744411736933924864000000
666 10333203249161712240005541500289024000000
667 371993326789901217467668933103046807898140
668 371993326789901217468008629124384877558385
669 371993326789901217468008629124384877558385
670 371993326789901217468008629124384877558385
671 371993326789901217468008629124384877558385
672 371993326789901217468008629124384877558385
673 371993326789901217468008629124384877558385
674 371993326789901217468008629124384877558385
675 371993326789901217468008629124384877558385
676 371993326789901217468008629124384877558385
677 371993326789901217468008629124384877558385
678 371993326789901217468008629124384877558385
679 371993326789901217468008629124384877558385
680 371993326789901217468008629124384877558385
681 371993326789901217468008629124384877558385
682 371993326789901217468008629124384877558385
683 371993326789901217468008629124384877558385
684 371993326789901217468008629124384877558385
685 371993326789901217468008629124384877558385
686 371993326789901217468008629124384877558385
687 371993326789901217468008629124384877558385
688 371993326789901217468008629124384877558385
689 371993326789901217468008629124384877558385
690 371993326789901217468008629124384877558385
691 371993326789901217468008629124384877558385
692 371993326789901217468008629124384877558385
693 371993326789901217468008629124384877558385
694 371993326789901217468008629124384877558385
695 371993326789901217468008629124384877558385
696 371993326789901217468008629124384877558385
697 371993326789901217468008629124384877558385
698 371993326789901217468008629124384877558385
699 371993326789901217468008629124384877558385
700 371993326789901217468008629124384877558385
701 371993326789901217468008629124384877558385
702 371993326789901217468008629124384877558385
703 371993326789901217468008629124384877558385
704 13763753091226345048677424853387229204578304
705 13763753091226345046184788177591662021967872
706 13763753091226345046184788177591662021967872
707 13763753091226345046184788177591662021967872
708 13763753091226345046184788177591662021967872
709 13763753091226345046184788177591662021967872
710 13763753091226345046184788177591662021967872
711 13763753091226345046184788177591662021967872
712 13763753091226345046184788177591662021967872
713 13763753091226345046184788177591662021967872
714 13763753091226345046184788177591662021967872
715 13763753091226345046184788177591662021967872
716 13763753091226345046184788177591662021967872
717 13763753091226345046184788177591662021967872
718 13763753091226345046184788177591662021967872
719 13763753091226345046184788177591662021967872
720 13763753091226345046184788177591662021967872
721 13763753091226345046184788177591662021967872
722 13763753091226345046184788177591662021967872
723 13763753091226345048677424853387229204578304
724 13763753091226345046184788177591662021967872
725 13763753091226345046184788177591662021967872
726 13763753091226345046184788177591662021967872
727 13763753091226345046184788177591662021967872
728 13763753091226345046184788177591662021967872
729 13763753091226345046184788177591662021967872
730 13763753091226345046184788177591662021967872
731 13763753091226345046184788177591662021967872
732 13763753091226345046184788177591662021967872
733 13763753091226345046184788177591662021967872
734 13763753091226345046184788177591662021967872
735 13763753091226345046184788177591662021967872
736 13763753091226345046184788177591662021967872
737 13763753091226345046184788177591662021967872
738 13763753091226345046184788177591662021967872
739 13763753091226345046184788177591662021967872
740 13763753091226345046184788177591662021967872
741 13763753091226345046184788177591662021967872
742 523022615707295326480637932773244809630266328
743 523022618346254004964824988394464953836515881
744 523022618346254004964824988394464953836515881
745 523022615707295325011285972318535515101477806
746 523022618346254004964824988394464953836515881
747 523022618346254004964824988394464953836515881
748 523022615707295325011285972318535515101477806
749 523022618346254004964824988394464953836515881
750 523022618346254004964824988394464953836515881
751 523022615707295325011285972318535515101477806
752 523022618346254004964824988394464953836515881
753 523022618346254004964824988394464953836515881
754 523022615707295325011285972318535515101477806
755 523022618346254006434206208920033736937809428
756 523022618346254004964824988394464953836515881
757 523022615707295325011285972318535515101477806
758 523022618346254004964824988394464953836515881
759 523022618346254004964824988394464953836515881
760 523022615707295325011285972318535515101477806
761 523022618346254004964824988394464953836515881
762 523022618346254004964824988394464953836515881
763 523022615707295325011285972318535515101477806
764 523022618346254004964824988394464953836515881
765 523022618346254004964824988394464953836515881
766 523022615707295325011285972318535515101477806
767 523022618346254004964824988394464953836515881
768 523022618346254006434206208920033736937809428
769 523022615707295325011285972318535515101477806
770 523022618346254004964824988394464953836515881
771 523022618346254004964824988394464953836515881
772 523022615707295325011285972318535515101477806
773 523022618346254004964824988394464953836515881
774 523022618346254004964824988394464953836515881
775 523022615707295325011285972318535515101477806
776 523022618346254004964824988394464953836515881
777 523022618346254004964824988394464953836515881
778 523022615707295325011285972318535515101477806
779 523022618346254004964824988394464953836515881
780 523022618346254004964824988394464953836515881
781 20397909421018171715493092357838576025600000000
782 20397854741870042635642516931742793728000000000
783 20397909420033553067887574151772241920000000000
784 20397854741870042635642516931742793728000000000
785 20397909421007990345094804905419341824000000000
786 20397854741880223140946410099436211404800000000
787 20397909420033553067887574151772241920000000000
788 20397854741870042635642516931742793728000000000
789 20397909421007990345094804905419341824000000000
790 20397854741870042635642516931742793728000000000
791 20397909420043734438350070558638263500800000000
792 20397854741870042635642516931742793728000000000
793 20397909421007990345094804905419341824000000000
794 20397854741870042635642516931742793728000000000
795 20397909420033553067887574151772241920000000000
796 20397854741880223140946410099436211404800000000
797 20397909421007990345094804905419341824000000000
798 20397854741870042635642516931742793728000000000
799 20397909420033553067887574151772241920000000000
800 20397854741870042635642516931742793728000000000
801 20397909421018171715493092357838576025600000000
802 20397854741870042635642516931742793728000000000
803 20397909420033553067887574151772241920000000000
804 20397854741870042635642516931742793728000000000
805 20397909421007990345094804905419341824000000000
806 20397854741880223140946410099436211404800000000
807 20397909420033553067887574151772241920000000000
808 20397854741870042635642516931742793728000000000
809 20397909421007990345094804905419341824000000000
810 20397854741870042635642516931742793728000000000
811 20397909420043734438350070558638263500800000000
812 20397854741870042635642516931742793728000000000
813 20397909421007990345094804905419341824000000000
814 20397854741870042635642516931742793728000000000
815 20397909420033553067887574151772241920000000000
816 20397854741880223140946410099436211404800000000
817 20397909421007990345094804905419341824000000000
818 20397854741870042635642516931742793728000000000
819 20397909420033553067887574151772241920000000000
820 20397854741870042635642516931742793728000000000
