# Mon Nov 28 20:37:41 2022
# 155975.912 s
# 1 threads
1 1
2 2
3 3
4 5
5 7
6 11
7 15
8 22
9 30
10 41
11 55
12 74
13 97
14 125
15 165
16 209
17 269
18 335
19 428
20 527
21 664
22 804
23 1005
24 1210
25 1496
26 1780
27 2186
28 2586
29 3148
30 3698
31 4473
32 5226
33 6279
34 7290
35 8706
36 10067
37 11950
38 13744
39 16242
40 18605
41 21864
42 24942
43 29184
44 33188
45 38651
46 43782
47 50791
48 57402
49 66300
50 74683
51 86026
52 96658
53 110861
54 124287
55 142118
56 158969
57 181251
58 202211
59 229859
60 256140
61 290188
62 322563
63 364743
64 404695
65 456234
66 505416
67 568376
68 628629
69 705385
70 778619
71 871707
72 961228
73 1073445
74 1181480
75 1317506
76 1447969
77 1610802
78 1768317
79 1963391
80 2152488
81 2386130
82 2611741
83 2890016
84 3161051
85 3490949
86 3812703
87 4205754
88 4587892
89 5051598
90 5506264
91 6053130
92 6590203
93 7236332
94 7868619
95 8627279
96 9375816
97 10263460
98 11141111
99 12184977
100 13213221
101 14429743
102 15638260
103 17055506
104 18465856
105 20121090
106 21762673
107 23683525
108 25604045
109 27827557
110 30054991
111 32640894
112 35222391
113 38206011
114 41207497
115 44647525
116 48114788
117 52093278
118 56089290
119 60661964
120 65288334
121 70534811
122 75851851
123 81893996
124 87999105
125 94911125
126 101944656
127 109846476
128 117898172
129 126957575
130 136161516
131 146490624
132 157051161
133 168810499
134 180851465
135 194283709
136 208001254
137 223258074
138 238929066
139 256243680
140 274050779
141 293754566
142 313968485
143 336276786
144 359287488
145 384518142
146 410581461
147 439199944
148 468686588
149 500989311
150 534436362
151 570871270
152 608638257
153 649824792
154 692430630
155 738784466
156 786961291
157 839099540
158 893338768
159 952102655
160 1013108412
161 1079083352
162 1147862048
163 1221860735
164 1299083272
165 1382249484
166 1468900468
167 1562030900
168 1659413027
169 1763630760
170 1872699848
171 1989519176
172 2111579062
173 2242081501
174 2378918118
175 2524588834
176 2677468676
177 2840362155
178 3011057757
179 3192606033
180 3383424187
181 3585681093
182 3798428347
183 4023988483
184 4260955131
185 4511841275
186 4776179634
187 5055043759
188 5349021601
189 5659375555
190 5986177362
191 6330647310
192 6694260703
193 7076409654
194 7480072147
195 7904341862
196 8352095509
197 8822185154
198 9319336341
199 9839774004
200 10390433179
201 10967194494
202 11576959424
203 12214645693
204 12890113522
205 13594925604
206 14341923790
207 15121299177
208 15946673920
209 16807069292
210 17719729056
211 18668910066
212 19676151719
213 20723915634
214 21835169613
215 22989627811
216 24215814320
217 25487552621
218 26838726159
219 28239764124
220 29727533917
221 31269171318
222 32908216433
223 34603307864
224 36406077686
225 38270630942
226 40253001582
227 42301101076
228 44480582435
229 46729642168
230 49123562007
231 51593037885
232 54220767748
233 56929717581
234 59814639602
235 62784426208
236 65947829353
237 69204177640
238 72672019368
239 76238477284
240 80038762707
241 83944032246
242 88106049924
243 92380744135
244 96935892732
245 101612148869
246 106597601939
247 111710204013
248 117161333080
249 122750645746
250 128709612158
251 134815015459
252 141326103632
253 147993567061
254 155104845049
255 162382583559
256 170144757120
257 178085824269
258 186556810647
259 195216726936
260 204454739786
261 213896548752
262 223969286785
263 234257133592
264 245233022238
265 256440331037
266 268397726115
267 280599365011
268 293618510239
269 306900102882
270 321070726543
271 335520397970
272 350937055864
273 366651615121
274 383420370520
275 400503485579
276 418730000635
277 437297269726
278 457106518585
279 477272416901
280 498790739944
281 520692015308
282 544056863170
283 567831149826
284 593192664615
285 618987914832
286 646511442986
287 674492856432
288 704339100118
289 734685223820
290 767051686236
291 799937113471
292 835020033469
293 870659548847
294 908666702700
295 947273420819
296 988440997294
297 1030238787210
298 1074820922211
299 1120068295923
300 1168308055418
301 1217279629785
302 1269484528463
303 1322442894685
304 1378913755547
305 1436192816091
306 1497241516082
307 1559168038938
308 1625161368775
309 1692069934271
310 1763394439135
311 1835685877349
312 1912706479653
313 1990797193133
314 2073985963065
315 2158269814017
316 2248083594201
317 2339072583988
318 2435975936495
319 2534165069785
320 2638720490364
321 2744607327684
322 2857397767235
323 2971595347039
324 3093162681397
325 3216298212882
326 3347359940417
327 3480017918123
328 3621262013125
329 3764219236578
330 3916331306633
331 4070331071698
332 4234164744107
333 4399941599225
334 4576366214265
335 4754848614342
336 4944665495157
337 5136786847222
338 5341074014950
339 5547698053118
340 5767481494555
341 5989773002333
342 6226058339214
343 6465125896132
344 6719193975102
345 6976112929994
346 7249249615920
347 7525410764381
348 7818792949411
349 8115576595773
350 8430808656174
351 8749479413970
352 9088076936576
353 9430367873549
354 9793797065637
355 10161344586557
356 10551507817415
357 10945877684667
358 11364663286463
359 11787919172902
360 12237043351493
361 12691207632360
362 13173032360167
363 13659951929882
364 14176702718523
365 14698925530815
366 15252724320881
367 15812646747773
368 16406297376689
369 17006188562649
370 17642438392101
371 18285330835980
372 18966664929434
373 19655503834553
374 20385375827202
375 21122836132505
376 21904481365029
377 22694276820492
378 23530759092722
379 24376377760950
380 25271782583977
381 26176490169796
382 27134783997465
383 28103003645913
384 29127776670971
385 30163760045533
386 31260005889140
387 32367602086204
388 33540006318304
389 34724595092817
390 35977541518332
391 37244152763122
392 38583545301388
393 39936867541285
394 41368405589034
395 42814822663507
396 44343649794413
397 45889251837333
398 47522552906434
399 49172872733579
400 50917361524286
401 52680106430439
402 54542026131809
403 56424424344843
404 58412254165570
405 60420982290487
406 62542840559005
407 64687033208234
408 66950276158599
409 69238627230399
410 71653485358749
411 74093877178193
412 76669904970946
413 79273333911477
414 82019407753699
415 84796155874639
416 87724333190277
417 90683858189059
418 93805663233129
419 96960974121931
420 100286839922391
421 103650235230486
422 107194614907769
423 110777312378751
424 114553764158291
425 118371291193201
426 122392331634653
427 126459218330451
428 130741917046311
429 135071555947017
430 139632119114791
431 144242847434704
432 149095998023808
433 154005167571756
434 159171247664660
435 164394684992875
436 169892750316247
437 175452223765714
438 181299916454186
439 187215909654377
440 193437155921512
441 199728463095037
442 206345926035855
443 213038313064649
444 220072737455657
445 227190459695582
446 234670208792329
447 242235479754921
448 250187277405994
449 258230521088912
450 266679024045050
451 275228845219124
452 284207365210148
453 293290137804889
454 302830295461963
455 312481863469680
456 322612656295747
457 332866741436171
458 343627590955310
459 354515348428032
460 365943398893582
461 377506957434905
462 389636500890585
463 401915737342284
464 414793013807369
465 427824626282581
466 441493382413181
467 455326924344652
468 469827653563914
469 484509917513170
470 499896942924823
471 515471269243600
472 531795915866327
473 548320484334456
474 565630441652476
475 583160345318283
476 601519233107005
477 620105310154102
478 639573553807751
479 659284132415558
480 679917803510478
481 700817288600199
482 722690810266915
483 744839404682695
484 768023619504922
485 791501019421897
486 816061668969894
487 840943616074868
488 866968033112882
489 893324889633911
490 920895849002481
491 948821063784761
492 978015875769361
493 1007597931573872
494 1038518323767313
495 1069840223021483
496 1102583133170582
497 1135753423874701
498 1170409524573358
499 1205532167507664
500 1242220314020351
501 1279391949518427
502 1318225035696760
503 1357573146968301
504 1398657601567255
505 1440302888490084
506 1483776771583414
507 1527833052669577
508 1573828794723237
509 1620443693297700
510 1669085306987487
511 1718400352926155
